0 0.785156 0.910648 0.011979 0.054630
0 0.733594 0.848611 0.010937 0.049074
0 0.684896 0.854630 0.009375 0.051852
0 0.663281 0.525926 0.009896 0.027778
0 0.670052 0.554630 0.013021 0.035185
0 0.822396 0.564815 0.012500 0.042593
1 0.308594 0.534259 0.056771 0.057407
3 0.398438 0.450463 0.035417 0.037963
1 0.037760 0.464352 0.038021 0.034259
0 0.854948 0.579167 0.007812 0.030556
0 0.857292 0.543519 0.006250 0.024074
0 0.864323 0.555556 0.004687 0.031481
0 0.892969 0.583333 0.005729 0.038889
0 0.898958 0.560185 0.005208 0.022222
0 0.892708 0.496296 0.006250 0.031481
0 0.885677 0.465278 0.007812 0.023148
0 0.988281 0.662500 0.005729 0.030556
0 0.996094 0.670370 0.005729 0.022222
0 0.768490 0.922222 0.013021 0.059259
0 0.677865 0.863426 0.007812 0.030556
0 0.515625 0.744907 0.009375 0.036111
0 0.647135 0.392593 0.006771 0.016667
0 0.653646 0.391204 0.005208 0.021296
0 0.661458 0.393519 0.005208 0.020370
0 0.657292 0.394907 0.004167 0.023148
0 0.683594 0.447685 0.006771 0.021296
0 0.702344 0.417593 0.005729 0.018519
0 0.701302 0.494907 0.007812 0.017593
0 0.814063 0.368981 0.004167 0.019444
0 0.901042 0.490278 0.005208 0.025000
0 0.551562 0.540741 0.006250 0.035185
0 0.564063 0.531944 0.008333 0.036111
0 0.557031 0.538889 0.005729 0.037037
0 0.570312 0.652778 0.007292 0.027778
0 0.600521 0.634259 0.011458 0.020370
