1 0.468229 0.521296 0.054167 0.101852
1 0.925521 0.618981 0.086458 0.134259
1 0.612760 0.407870 0.027604 0.062037
0 0.840365 0.787500 0.009896 0.056481
0 0.822656 0.600463 0.010937 0.041667
0 0.857552 0.608333 0.006771 0.048148
0 0.845313 0.613426 0.007292 0.034259
0 0.300781 0.629630 0.006771 0.029630
0 0.317708 0.569907 0.010417 0.026852
0 0.642969 0.507407 0.008854 0.033333
0 0.656510 0.507407 0.014063 0.033333
0 0.674219 0.511111 0.005729 0.035185
0 0.669792 0.693981 0.007292 0.052778
0 0.732812 0.692593 0.006250 0.037037
1 0.536198 0.460185 0.046354 0.055556
0 0.500260 0.467130 0.007812 0.019444
