0 0.414062 0.660648 0.006250 0.037963
0 0.571875 0.537037 0.008333 0.037037
0 0.423438 0.546296 0.007292 0.037037
0 0.394271 0.491667 0.007292 0.027778
0 0.292969 0.567593 0.004687 0.024074
0 0.302604 0.587963 0.008333 0.035185
0 0.717708 0.583333 0.009375 0.037037
0 0.591927 0.415278 0.006771 0.028704
0 0.568750 0.436111 0.008333 0.027778
0 0.166667 0.581944 0.007292 0.028704
0 0.238542 0.567593 0.008333 0.031481
0 0.075000 0.718056 0.006250 0.030556
0 0.338802 0.439815 0.006771 0.027778
1 0.044792 0.637963 0.031250 0.072222
3 0.351302 0.409259 0.029687 0.035185
0 0.427865 0.843056 0.016146 0.023148
0 0.447917 0.644907 0.007292 0.025000
0 0.494792 0.591667 0.008333 0.027778
0 0.313281 0.642130 0.009896 0.032407
0 0.308333 0.551389 0.009375 0.028704
0 0.222656 0.574537 0.006771 0.023148
0 0.211979 0.460185 0.004167 0.011111
0 0.217969 0.458796 0.005729 0.010185
0 0.242708 0.508796 0.006250 0.017593
0 0.278906 0.453704 0.005729 0.018519
0 0.247917 0.463426 0.005208 0.012037
0 0.261719 0.484722 0.005729 0.015741
0 0.232813 0.497685 0.005208 0.023148
0 0.403125 0.495833 0.006250 0.023148
0 0.555729 0.573611 0.007292 0.034259
0 0.632292 0.468519 0.006250 0.016667
0 0.687760 0.478704 0.004687 0.020370
0 0.690885 0.530556 0.006771 0.020370
0 0.879427 0.632407 0.005729 0.044444
0 0.891406 0.648148 0.006771 0.037037
0 0.890365 0.686574 0.006771 0.021296
0 0.890625 0.543056 0.006250 0.023148
0 0.834635 0.387037 0.005729 0.018519
0 0.772656 0.349074 0.006771 0.022222
0 0.083073 0.717593 0.009896 0.025926
0 0.017969 0.543519 0.005729 0.020370
0 0.141146 0.495370 0.006250 0.014815
