1 0.044271 0.637963 0.032292 0.075926
1 0.355729 0.793056 0.090625 0.154630
0 0.622135 0.393056 0.004687 0.025000
0 0.670833 0.723611 0.008333 0.049074
0 0.424740 0.864352 0.011979 0.037963
0 0.346094 0.779167 0.016146 0.039815
0 0.340625 0.742593 0.015625 0.029630
0 0.375781 0.784259 0.011979 0.042593
0 0.394010 0.812500 0.010937 0.037963
0 0.259375 0.922685 0.012500 0.043519
0 0.207292 0.916204 0.012500 0.043519
0 0.230208 0.949074 0.013542 0.050000
0 0.218229 0.931944 0.012500 0.056481
0 0.847135 0.633796 0.007812 0.041667
0 0.880729 0.617593 0.008333 0.044444
0 0.761198 0.552778 0.007812 0.024074
0 0.554167 0.531481 0.008333 0.024074
0 0.539062 0.530093 0.007292 0.026852
0 0.321615 0.601389 0.007812 0.032407
0 0.381771 0.518981 0.006250 0.021296
0 0.896615 0.678241 0.007812 0.039815
0 0.594010 0.443056 0.004687 0.012037
0 0.688021 0.494444 0.006250 0.024074
0 0.366146 0.826389 0.008333 0.030556
0 0.259375 0.897222 0.011458 0.016667
0 0.025260 0.535648 0.006771 0.021296
0 0.180729 0.495370 0.007292 0.018519
0 0.185938 0.486111 0.006250 0.020370
0 0.300521 0.590278 0.006250 0.026852
0 0.366667 0.524074 0.007292 0.027778
0 0.309635 0.451389 0.006771 0.021296
0 0.888802 0.599537 0.005729 0.045370
0 0.757812 0.395370 0.007292 0.025926
