0 0.383203 0.658681 0.014844 0.039583
0 0.792383 0.734722 0.008203 0.045833
0 0.807617 0.726042 0.013672 0.046528
0 0.862695 0.819792 0.010547 0.046528
0 0.851758 0.753472 0.011328 0.040278
0 0.879687 0.750000 0.017969 0.036111
0 0.920312 0.814583 0.020313 0.048611
0 0.721289 0.608681 0.010547 0.046528
0 0.700977 0.531250 0.010547 0.033333
0 0.681055 0.547917 0.011328 0.037500
1 0.776758 0.432292 0.048047 0.060417
1 0.349609 0.844444 0.079687 0.219444
1 0.091406 0.670833 0.036719 0.061111
1 0.481836 0.395486 0.023047 0.047917
3 0.593750 0.508681 0.052344 0.056250
3 0.905469 0.381597 0.034375 0.043750
0 0.058008 0.609028 0.009766 0.027778
0 0.707031 0.513889 0.008594 0.026389
0 0.690820 0.521181 0.008203 0.018750
0 0.625195 0.592014 0.012109 0.043750
0 0.734961 0.584375 0.012891 0.025694
0 0.744922 0.578819 0.009375 0.035417
0 0.500977 0.489236 0.012109 0.028472
0 0.444727 0.415972 0.007422 0.026389
0 0.449023 0.427083 0.006641 0.026389
0 0.840820 0.779167 0.013672 0.043056
0 0.895898 0.559028 0.008984 0.037500
0 0.865625 0.557986 0.010156 0.038194
0 0.842383 0.487847 0.007422 0.035417
0 0.854297 0.495486 0.008594 0.028472
0 0.821680 0.478125 0.012109 0.024306
0 0.849023 0.415972 0.007422 0.029167
0 0.872656 0.460764 0.007031 0.022917
0 0.877539 0.438194 0.006641 0.025000
0 0.836133 0.397569 0.007422 0.017361
0 0.818359 0.372917 0.008594 0.020833
0 0.763281 0.457639 0.009375 0.031944
0 0.605859 0.945486 0.012500 0.038194
0 0.629883 0.948611 0.018359 0.033333
0 0.928320 0.792014 0.009766 0.036806
0 0.938086 0.804167 0.012891 0.037500
0 0.959180 0.808681 0.010547 0.046528
0 0.779297 0.624306 0.010937 0.044444
0 0.670117 0.446181 0.005859 0.022917
1 0.585352 0.420139 0.034766 0.050000
