0 0.616406 0.855093 0.010937 0.050926
0 0.584635 0.818519 0.008854 0.050000
0 0.847396 0.962963 0.010417 0.044444
0 0.861979 0.931481 0.008333 0.037037
0 0.788021 0.677778 0.007292 0.035185
0 0.739062 0.537500 0.012500 0.043519
0 0.494010 0.704167 0.011979 0.025000
0 0.432812 0.747685 0.012500 0.043519
0 0.921094 0.665278 0.013021 0.034259
0 0.871615 0.623611 0.010937 0.037963
0 0.855990 0.626852 0.007812 0.042593
0 0.861979 0.572685 0.008333 0.052778
0 0.801562 0.491204 0.010417 0.030556
3 0.442969 0.443519 0.024479 0.046296
1 0.496615 0.383333 0.041146 0.037037
1 0.272396 0.736574 0.107292 0.106481
1 0.015885 0.537037 0.020313 0.048148
4 0.018750 0.511111 0.010417 0.025926
0 0.285677 0.559259 0.007812 0.027778
0 0.624740 0.552315 0.007812 0.036111
0 0.883594 0.509259 0.007812 0.040741
