1 0.171484 0.900347 0.085938 0.154861
3 0.805469 0.401736 0.027344 0.040972
0 0.889062 0.683681 0.010156 0.036806
0 0.898242 0.613889 0.012891 0.031944
0 0.645117 0.576389 0.009766 0.038889
0 0.710547 0.548958 0.007812 0.036806
0 0.477148 0.500347 0.012109 0.025694
0 0.385156 0.773611 0.012500 0.031944
0 0.786133 0.497569 0.007422 0.029861
0 0.271094 0.609028 0.008594 0.033333
0 0.299219 0.619792 0.010156 0.034028
0 0.282422 0.604861 0.011719 0.030556
0 0.286328 0.575694 0.010937 0.027778
0 0.893945 0.666319 0.008984 0.032639
0 0.702734 0.540278 0.009375 0.033333
0 0.660547 0.512500 0.009375 0.038889
0 0.621289 0.470139 0.008203 0.031944
0 0.791211 0.523611 0.009766 0.026389
0 0.792773 0.498958 0.007422 0.027083
0 0.802930 0.498264 0.007422 0.032639
0 0.814844 0.499653 0.007812 0.034028
0 0.836914 0.478125 0.008203 0.028472
0 0.833203 0.489931 0.009375 0.021528
0 0.914258 0.513889 0.009766 0.033333
0 0.860547 0.348611 0.004687 0.019444
0 0.855469 0.347569 0.006250 0.014583
0 0.655664 0.439583 0.009766 0.020833
0 0.649609 0.402778 0.007812 0.025000
0 0.680078 0.405556 0.007812 0.022222
0 0.759766 0.570139 0.010156 0.027778
0 0.757031 0.642361 0.010156 0.025000
0 0.799023 0.594097 0.012109 0.034028
