3 0.444531 0.540972 0.060937 0.069444
1 0.194727 0.773611 0.072266 0.080556
1 0.418555 0.694097 0.048047 0.161806
3 0.592187 0.505903 0.050000 0.059028
1 0.505078 0.373611 0.037500 0.050000
0 0.622852 0.864236 0.015234 0.053472
0 0.650000 0.867014 0.011719 0.045139
0 0.927539 0.812847 0.009766 0.035417
0 0.696484 0.617014 0.011719 0.029861
0 0.637695 0.590972 0.008203 0.044444
0 0.720898 0.580556 0.009766 0.044444
0 0.762695 0.476042 0.008984 0.038194
0 0.644531 0.587500 0.008594 0.041667
0 0.709375 0.597222 0.007812 0.037500
0 0.770312 0.479514 0.010156 0.031250
0 0.811523 0.370833 0.008203 0.020833
0 0.508203 0.725694 0.010937 0.047222
0 0.493945 0.711458 0.011328 0.049306
0 0.935742 0.814583 0.008984 0.034722
0 0.942773 0.816319 0.008203 0.034028
0 0.809375 0.913194 0.014063 0.033333
0 0.911914 0.497917 0.009766 0.022222
0 0.928320 0.479861 0.005078 0.025000
0 0.879687 0.470139 0.006250 0.025000
0 0.891602 0.542708 0.005078 0.021528
0 0.892969 0.500694 0.011719 0.018056
0 0.813672 0.431944 0.007031 0.023611
0 0.853125 0.442361 0.005469 0.027778
