1 0.110156 0.575000 0.067187 0.050000
1 0.962240 0.622222 0.071354 0.118519
0 0.934115 0.659722 0.013021 0.036111
0 0.917708 0.654630 0.006250 0.029630
0 0.965104 0.751852 0.010417 0.035185
0 0.993229 0.903241 0.013542 0.052778
0 0.516146 0.901389 0.012500 0.054630
0 0.494010 0.725926 0.011979 0.025926
0 0.418229 0.630093 0.010417 0.032407
0 0.399219 0.658796 0.014063 0.039815
0 0.333073 0.725000 0.010937 0.042593
0 0.285156 0.725926 0.014063 0.042593
0 0.532813 0.802778 0.007292 0.038889
0 0.585938 0.875463 0.014583 0.028704
0 0.569531 0.915278 0.013021 0.028704
3 0.254167 0.450926 0.026042 0.037037
1 0.188281 0.497685 0.036979 0.043519
0 0.554688 0.516204 0.007292 0.036111
0 0.564583 0.520370 0.006250 0.029630
0 0.567448 0.553241 0.009896 0.034259
0 0.833073 0.463426 0.005729 0.028704
0 0.827083 0.492593 0.007292 0.025926
0 0.795052 0.622685 0.004687 0.032407
0 0.903646 0.670833 0.007292 0.037963
0 0.921354 0.629630 0.009375 0.025926
0 0.830469 0.396296 0.007812 0.027778
0 0.451823 0.597222 0.004687 0.027778
0 0.504167 0.750000 0.008333 0.022222
0 0.545573 0.820833 0.010937 0.043519
0 0.053385 0.585648 0.009896 0.023148
