1 0.489063 0.381019 0.022917 0.058333
1 0.611458 0.393519 0.041667 0.053704
1 0.950000 0.480093 0.041667 0.050926
3 0.861458 0.432407 0.020833 0.048148
4 0.021094 0.516204 0.010937 0.025000
0 0.414323 0.678704 0.008854 0.037037
0 0.638802 0.566667 0.009896 0.038889
0 0.732292 0.476389 0.005208 0.030556
0 0.828906 0.571296 0.007812 0.029630
0 0.289583 0.980093 0.018750 0.039815
0 0.750000 0.519907 0.010417 0.047222
0 0.878385 0.839815 0.010937 0.042593
0 0.897656 0.851852 0.009896 0.050000
0 0.963281 0.866667 0.010937 0.046296
0 0.944531 0.791204 0.017188 0.049074
0 0.957552 0.718056 0.015104 0.050926
0 0.453906 0.525000 0.005729 0.024074
0 0.466667 0.517593 0.006250 0.024074
0 0.469271 0.590278 0.007292 0.034259
0 0.594010 0.531481 0.009896 0.031481
0 0.695573 0.503241 0.008854 0.026852
0 0.708073 0.468519 0.005729 0.027778
0 0.732031 0.454630 0.007812 0.012963
0 0.765104 0.472685 0.005208 0.028704
0 0.771875 0.452778 0.009375 0.033333
0 0.783854 0.494444 0.005208 0.024074
0 0.790365 0.505093 0.005729 0.025000
0 0.800521 0.533796 0.006250 0.017593
0 0.780990 0.591204 0.006771 0.032407
0 0.836719 0.559722 0.009896 0.023148
0 0.895573 0.587963 0.009896 0.020370
0 0.917708 0.636574 0.010417 0.030556
0 0.778125 0.400463 0.005208 0.019444
0 0.752865 0.397222 0.005729 0.020370
0 0.704427 0.417130 0.005729 0.023148
0 0.640365 0.386574 0.003646 0.021296
0 0.584896 0.403241 0.006250 0.023148
0 0.024219 0.514815 0.011979 0.024074
