1 0.201953 0.775000 0.072656 0.075000
1 0.859961 0.353125 0.046484 0.043750
0 0.402734 0.645486 0.014844 0.050694
0 0.531250 0.729514 0.013281 0.036806
0 0.526758 0.949306 0.015234 0.027778
0 0.687305 0.674653 0.011328 0.042361
0 0.712695 0.681597 0.011328 0.045139
0 0.493945 0.634028 0.011328 0.036111
0 0.475195 0.619444 0.009766 0.036111
0 0.188281 0.863542 0.015625 0.052083
1 0.027930 0.537153 0.025391 0.047917
0 0.487500 0.492708 0.006250 0.022917
0 0.493945 0.498264 0.006641 0.021528
0 0.562305 0.498611 0.011328 0.027778
0 0.592187 0.451736 0.007812 0.029861
0 0.576367 0.589931 0.007422 0.025694
0 0.510156 0.605903 0.012500 0.029861
0 0.691211 0.511806 0.006641 0.034722
0 0.671680 0.479167 0.010547 0.023611
0 0.629492 0.421181 0.008203 0.028472
0 0.635742 0.404167 0.007422 0.025000
0 0.733203 0.413889 0.008594 0.030556
0 0.857812 0.415972 0.006250 0.023611
0 0.864648 0.439236 0.008203 0.029861
0 0.909766 0.455208 0.008594 0.036806
0 0.809961 0.585417 0.008984 0.031944
0 0.899609 0.751389 0.012500 0.048611
0 0.316797 0.915625 0.017188 0.045139
3 0.076367 0.587153 0.043359 0.049306
0 0.566211 0.460069 0.011328 0.031250
0 0.925977 0.382292 0.008203 0.020139
0 0.956250 0.401736 0.005469 0.024306
0 0.954102 0.392708 0.007422 0.022917
0 0.877734 0.423611 0.006250 0.026389
0 0.820898 0.358681 0.004297 0.014583
