1 0.401562 0.409259 0.026042 0.070370
1 0.604688 0.414815 0.067708 0.055556
1 0.672656 0.330093 0.026562 0.030556
1 0.710677 0.306481 0.029687 0.031481
0 0.177344 0.838426 0.014063 0.045370
0 0.828125 0.567130 0.007292 0.039815
0 0.748958 0.430556 0.005208 0.029630
0 0.416406 0.501389 0.004687 0.015741
0 0.863802 0.552315 0.007812 0.037963
0 0.948438 0.701389 0.010417 0.056481
0 0.858854 0.972685 0.010417 0.041667
0 0.896354 0.924537 0.008333 0.041667
0 0.972917 0.831019 0.009375 0.049074
0 0.683854 0.526852 0.004167 0.016667
0 0.412240 0.506944 0.005729 0.021296
0 0.735417 0.370833 0.005208 0.017593
0 0.730990 0.368519 0.004687 0.020370
0 0.755990 0.385648 0.005729 0.015741
0 0.757812 0.427778 0.004167 0.020370
0 0.760156 0.419907 0.004687 0.019444
0 0.776823 0.437500 0.007812 0.034259
0 0.186458 0.494444 0.005208 0.022222
0 0.866406 0.436574 0.004687 0.023148
