3 0.125000 0.576852 0.042708 0.046296
0 0.712760 0.650000 0.011979 0.025926
0 0.803906 0.553241 0.006771 0.039815
0 0.214583 0.856944 0.014583 0.047222
0 0.513802 0.574537 0.010937 0.032407
0 0.533854 0.551852 0.009375 0.033333
1 0.009896 0.480093 0.017708 0.039815
0 0.808073 0.413889 0.006771 0.022222
0 0.807813 0.556944 0.007292 0.032407
0 0.678646 0.642593 0.008333 0.025926
0 0.745052 0.659722 0.009896 0.021296
0 0.677344 0.676389 0.011979 0.023148
0 0.565625 0.561574 0.012500 0.039815
0 0.221354 0.851852 0.016667 0.040741
0 0.899479 0.551852 0.012500 0.033333
0 0.693229 0.439815 0.007292 0.020370
0 0.701823 0.426389 0.006771 0.023148
0 0.708594 0.424074 0.006771 0.020370
0 0.478906 0.517593 0.011979 0.035185
0 0.416927 0.497685 0.004687 0.026852
0 0.421615 0.498611 0.006771 0.023148
1 0.050000 0.652778 0.031250 0.053704
0 0.983333 0.909722 0.013542 0.032407
