0 0.253646 0.750000 0.015625 0.037037
0 0.591406 0.395833 0.009896 0.019444
0 0.232292 0.627778 0.008333 0.033333
0 0.934635 0.672685 0.007812 0.036111
0 0.933333 0.696759 0.010417 0.021296
0 0.934375 0.625000 0.009375 0.042593
0 0.598958 0.587963 0.010417 0.029630
0 0.627344 0.565278 0.007812 0.041667
0 0.638281 0.554167 0.006771 0.036111
0 0.682813 0.559722 0.009375 0.036111
0 0.572917 0.548148 0.006250 0.024074
0 0.640625 0.512500 0.009375 0.023148
0 0.605729 0.568056 0.009375 0.025000
0 0.606771 0.533333 0.006250 0.020370
0 0.577604 0.580093 0.009375 0.010185
0 0.665365 0.561574 0.009896 0.032407
2 0.020313 0.571296 0.010417 0.016667
0 0.869792 0.439815 0.007292 0.016667
0 0.353385 0.392593 0.005729 0.024074
0 0.764844 0.360648 0.004687 0.023148
