0 0.900977 0.812153 0.008984 0.045139
0 0.911133 0.834722 0.009766 0.031944
0 0.947070 0.945139 0.012891 0.062500
0 0.936914 0.893750 0.012109 0.045833
0 0.849805 0.466667 0.005859 0.027778
1 0.929688 0.340972 0.041406 0.040278
0 0.878516 0.743403 0.010156 0.038194
0 0.863672 0.744097 0.010937 0.028472
0 0.870313 0.880208 0.019531 0.040972
0 0.863867 0.533681 0.005859 0.025694
0 0.892578 0.497222 0.008594 0.033333
0 0.893555 0.462500 0.005078 0.023611
0 0.848242 0.437500 0.004297 0.026389
0 0.851172 0.441319 0.003906 0.022917
0 0.822461 0.445833 0.008984 0.025000
0 0.874023 0.431944 0.005078 0.018056
0 0.658594 0.357639 0.006250 0.020833
0 0.854492 0.467708 0.005859 0.029861
0 0.631836 0.378125 0.004297 0.028472
0 0.635156 0.381944 0.005469 0.029167
0 0.608984 0.394097 0.004687 0.027083
0 0.614453 0.392014 0.006250 0.021528
0 0.673828 0.421528 0.007031 0.026389
0 0.639844 0.469444 0.005469 0.023611
0 0.638867 0.489236 0.005859 0.025694
0 0.643164 0.536111 0.008203 0.031944
0 0.611328 0.533681 0.007812 0.032639
0 0.622461 0.545139 0.007422 0.034722
0 0.389648 0.530903 0.007422 0.029861
0 0.414844 0.512153 0.007031 0.022917
0 0.348438 0.532639 0.010156 0.031944
0 0.374609 0.531944 0.007031 0.027778
0 0.390234 0.468403 0.007812 0.025694
0 0.247461 0.505903 0.008203 0.022917
0 0.479297 0.757639 0.014063 0.048611
0 0.495898 0.729514 0.015234 0.034028
4 0.677539 0.328472 0.022266 0.020833
