0 0.538802 0.904167 0.011979 0.043519
0 0.523438 0.833333 0.015625 0.044444
0 0.760417 0.496759 0.010417 0.037963
0 0.901823 0.603704 0.007812 0.038889
0 0.972917 0.699537 0.006250 0.034259
0 0.945573 0.782870 0.010937 0.041667
0 0.585938 0.534722 0.012500 0.036111
0 0.610156 0.521296 0.013021 0.037037
0 0.271354 0.975000 0.012500 0.050000
1 0.757812 0.414352 0.058333 0.067593
1 0.822917 0.441667 0.031250 0.085185
3 0.949219 0.480093 0.032813 0.041667
1 0.108073 0.575926 0.069271 0.051852
1 0.045312 0.657870 0.034375 0.067593
1 0.097396 0.513889 0.048958 0.046296
2 0.473698 0.426389 0.008854 0.017593
2 0.481250 0.421296 0.007292 0.020370
0 0.522917 0.474074 0.007292 0.031481
0 0.924219 0.644444 0.010937 0.024074
0 0.935417 0.644907 0.004167 0.028704
0 0.961458 0.724074 0.008333 0.037037
0 0.910937 0.865278 0.009375 0.041667
0 0.584375 0.875000 0.012500 0.024074
0 0.621615 0.809722 0.010937 0.026852
0 0.553125 0.836574 0.013542 0.036111
0 0.135677 0.522222 0.007812 0.025926
0 0.794531 0.503704 0.007812 0.022222
0 0.785677 0.509259 0.007812 0.020370
0 0.812240 0.638889 0.005729 0.018519
0 0.860417 0.637963 0.008333 0.035185
