1 0.453125 0.702083 0.094531 0.097222
0 0.248047 0.895486 0.016406 0.049306
0 0.108398 0.698958 0.010547 0.050694
0 0.683789 0.671875 0.012109 0.045139
0 0.694727 0.728819 0.011328 0.038194
0 0.466016 0.788889 0.016406 0.059722
0 0.409766 0.819097 0.014063 0.045139
0 0.419531 0.811806 0.015625 0.040278
0 0.449023 0.812847 0.012109 0.045139
0 0.350781 0.881597 0.014063 0.053472
0 0.339258 0.888194 0.014453 0.050000
0 0.323242 0.887153 0.020703 0.061806
0 0.337109 0.869792 0.014063 0.050694
0 0.285938 0.558333 0.009375 0.034722
0 0.469727 0.483333 0.010547 0.036111
0 0.755469 0.682986 0.013281 0.035417
0 0.552539 0.437847 0.008203 0.027083
0 0.021875 0.575347 0.006250 0.027083
0 0.025977 0.573264 0.008203 0.031250
0 0.018359 0.544444 0.006250 0.022222
0 0.650977 0.497569 0.009766 0.028472
