0 0.477344 0.497222 0.005729 0.031481
0 0.286458 0.566204 0.007292 0.028704
0 0.264583 0.594907 0.008333 0.028704
0 0.298958 0.643056 0.013542 0.030556
0 0.353646 0.532870 0.018750 0.032407
0 0.329167 0.575000 0.008333 0.031481
3 0.739844 0.312963 0.027604 0.037037
1 0.043490 0.637500 0.028646 0.071296
0 0.484115 0.504167 0.005729 0.028704
0 0.490104 0.498148 0.007292 0.027778
0 0.396615 0.369907 0.006771 0.021296
0 0.413021 0.383796 0.005208 0.019444
0 0.381250 0.406481 0.004167 0.016667
0 0.234896 0.496296 0.007292 0.020370
0 0.194531 0.500463 0.005729 0.019444
