1 0.487500 0.375463 0.019792 0.047222
3 0.338021 0.918519 0.109375 0.118519
0 0.171094 0.832407 0.013021 0.046296
0 0.202344 0.891667 0.013021 0.042593
0 0.272917 0.981481 0.013542 0.037037
0 0.371354 0.507407 0.005208 0.014815
0 0.450521 0.748148 0.011458 0.040741
0 0.506510 0.737963 0.008854 0.037037
0 0.519010 0.733796 0.010937 0.028704
0 0.755208 0.556481 0.010417 0.046296
0 0.665625 0.553241 0.012500 0.037963
0 0.527083 0.551389 0.005208 0.023148
0 0.547917 0.482870 0.007292 0.025000
0 0.590365 0.420370 0.006771 0.025926
0 0.628385 0.401389 0.007812 0.032407
0 0.875260 0.568056 0.006771 0.043519
0 0.888021 0.577315 0.008333 0.030556
0 0.817708 0.506944 0.007292 0.037963
0 0.923698 0.483333 0.003646 0.033333
0 0.979688 0.911111 0.006250 0.029630
0 0.914062 0.478241 0.004167 0.025000
0 0.917708 0.448148 0.004167 0.020370
0 0.894271 0.439815 0.005208 0.027778
0 0.891406 0.471759 0.006771 0.021296
0 0.620052 0.411574 0.005729 0.023148
0 0.719010 0.446759 0.005729 0.017593
0 0.511458 0.561111 0.006250 0.031481
0 0.558854 0.480093 0.005208 0.026852
0 0.365365 0.510185 0.006771 0.025926
