1 0.355208 0.689352 0.091667 0.117593
3 0.783854 0.348148 0.025000 0.051852
0 0.476302 0.699074 0.004687 0.035185
0 0.485677 0.707407 0.006771 0.037037
0 0.651563 0.648611 0.007292 0.049074
0 0.663281 0.538426 0.006771 0.045370
0 0.806250 0.540741 0.009375 0.037037
0 0.841927 0.500463 0.009896 0.037963
0 0.812760 0.463426 0.010937 0.041667
0 0.802083 0.419907 0.007292 0.030556
0 0.876823 0.370833 0.005729 0.036111
0 0.853125 0.648611 0.007292 0.047222
0 0.915625 0.745370 0.008333 0.040741
0 0.861979 0.533333 0.005208 0.033333
0 0.396094 0.610185 0.009896 0.035185
0 0.471875 0.715278 0.008333 0.039815
0 0.801823 0.505093 0.007812 0.026852
0 0.798177 0.551389 0.006771 0.034259
0 0.869531 0.534259 0.006771 0.033333
0 0.848177 0.488426 0.004687 0.032407
0 0.865625 0.502778 0.004167 0.025926
0 0.869531 0.512037 0.004687 0.018519
0 0.863542 0.650463 0.008333 0.037963
0 0.541406 0.542593 0.006771 0.042593
0 0.547396 0.520833 0.010417 0.037963
0 0.846615 0.376852 0.006771 0.020370
0 0.852083 0.374074 0.004167 0.014815
0 0.862760 0.386111 0.006771 0.018519
0 0.856510 0.374074 0.003646 0.018519
