4 0.019010 0.514815 0.013021 0.022222
0 0.590625 0.750463 0.010417 0.049074
0 0.571354 0.793519 0.010417 0.042593
0 0.488542 0.728704 0.015625 0.035185
0 0.219792 0.591204 0.008333 0.028704
0 0.519010 0.481944 0.007812 0.032407
0 0.528125 0.478704 0.008333 0.025926
0 0.820573 0.394907 0.005729 0.023148
0 0.664844 0.367593 0.013021 0.038889
0 0.877344 0.669444 0.005729 0.042593
0 0.896615 0.705093 0.008854 0.034259
0 0.913802 0.717130 0.011979 0.039815
0 0.867188 0.618056 0.009375 0.043519
0 0.485938 0.541667 0.009375 0.027778
0 0.878646 0.621296 0.007292 0.037037
0 0.288021 0.440278 0.008333 0.021296
0 0.814844 0.400000 0.005729 0.018519
