1 0.890430 0.325000 0.048047 0.040278
0 0.637695 0.828819 0.011328 0.052083
0 0.620703 0.841667 0.011719 0.034722
0 0.533398 0.849306 0.009766 0.047222
0 0.516797 0.857986 0.008594 0.039583
0 0.498242 0.843403 0.015234 0.049306
0 0.490430 0.888542 0.013672 0.040972
0 0.457617 0.535069 0.010547 0.028472
0 0.501563 0.545139 0.007812 0.026389
0 0.479102 0.581944 0.012891 0.036111
0 0.529492 0.475347 0.008203 0.028472
0 0.469727 0.475694 0.008203 0.027778
0 0.591992 0.425000 0.005859 0.026389
0 0.607812 0.413889 0.007031 0.023611
0 0.697070 0.492708 0.008203 0.034028
0 0.853906 0.458333 0.007031 0.023611
0 0.855273 0.442708 0.005078 0.021528
0 0.856250 0.421875 0.007031 0.020139
0 0.793359 0.390972 0.007031 0.023611
0 0.800781 0.379167 0.006250 0.023611
0 0.803516 0.376042 0.006250 0.024306
0 0.836133 0.387500 0.008203 0.020833
0 0.819727 0.375000 0.006641 0.020833
0 0.865039 0.370139 0.006641 0.018056
0 0.857031 0.744444 0.007031 0.043056
0 0.855664 0.722917 0.009766 0.047222
0 0.883594 0.755903 0.013281 0.034028
0 0.894141 0.756250 0.007031 0.041667
0 0.521484 0.837153 0.010937 0.040972
0 0.380078 0.553125 0.007031 0.028472
0 0.373047 0.550347 0.007031 0.031250
0 0.136328 0.761458 0.015625 0.045139
0 0.088477 0.585069 0.009766 0.029861
0 0.025977 0.531597 0.005078 0.017361
0 0.022266 0.529514 0.005469 0.014583
0 0.016211 0.531250 0.003516 0.015278
0 0.013086 0.535764 0.004297 0.018750
0 0.009180 0.528472 0.008203 0.025000
0 0.988477 0.438889 0.005859 0.022222
3 0.713672 0.332639 0.026562 0.029167
0 0.729688 0.328819 0.003906 0.018750
0 0.871094 0.660764 0.013281 0.032639
0 0.881836 0.647917 0.008203 0.031944
0 0.573047 0.593056 0.007031 0.043056
0 0.585352 0.591667 0.009766 0.038889
