0 0.812305 0.490278 0.008984 0.034722
0 0.879102 0.882292 0.010547 0.049306
0 0.889648 0.859722 0.005859 0.047222
1 0.473828 0.410069 0.038281 0.053472
3 0.780078 0.521875 0.079687 0.065972
1 0.507031 0.382292 0.046875 0.046528
0 0.707812 0.534028 0.007031 0.041667
0 0.715430 0.536806 0.011328 0.038889
0 0.740039 0.438889 0.006641 0.027778
0 0.300000 0.552431 0.010937 0.031250
0 0.260156 0.562500 0.009375 0.026389
0 0.900781 0.501042 0.008594 0.043750
3 0.689063 0.338889 0.025781 0.034722
0 0.358203 0.460417 0.008594 0.026389
0 0.088281 0.619444 0.011719 0.029167
0 0.009961 0.519097 0.005859 0.014583
0 0.012500 0.518750 0.007031 0.016667
