0 0.626367 0.859028 0.010547 0.055556
0 0.652734 0.881250 0.017188 0.030556
0 0.730664 0.870833 0.012109 0.043056
0 0.904883 0.813194 0.016797 0.048611
0 0.924414 0.665972 0.008203 0.043056
0 0.407227 0.619792 0.013672 0.045139
0 0.547852 0.715625 0.015234 0.046528
0 0.603711 0.651389 0.008203 0.047222
1 0.750391 0.309028 0.038281 0.040278
1 0.929102 0.340278 0.044141 0.044444
0 0.044531 0.602778 0.007031 0.022222
0 0.039453 0.594444 0.005469 0.020833
0 0.052930 0.595139 0.005078 0.019444
0 0.048047 0.596528 0.005469 0.019444
0 0.041992 0.593056 0.005078 0.023611
0 0.050977 0.588889 0.005078 0.013889
0 0.020508 0.520486 0.004297 0.018750
0 0.023438 0.519792 0.004687 0.017361
0 0.622266 0.834028 0.009375 0.040278
0 0.634961 0.876042 0.009766 0.040972
0 0.738867 0.866667 0.012109 0.037500
0 0.758203 0.731944 0.015625 0.030556
0 0.750195 0.757639 0.012891 0.034722
0 0.875000 0.746875 0.010937 0.043750
0 0.904687 0.658681 0.010937 0.045139
0 0.917188 0.663542 0.009375 0.039583
0 0.798242 0.456597 0.005859 0.028472
0 0.845508 0.458333 0.008203 0.030556
0 0.249023 0.497569 0.007422 0.021528
0 0.260352 0.498264 0.005859 0.018750
