1 0.042708 0.640278 0.033333 0.071296
3 0.739062 0.318056 0.033333 0.036111
0 0.345313 0.794907 0.010417 0.039815
0 0.366146 0.797222 0.007292 0.033333
0 0.268750 0.583333 0.006250 0.029630
0 0.538281 0.638889 0.009896 0.042593
0 0.786979 0.593056 0.008333 0.036111
0 0.724740 0.583333 0.011979 0.044444
0 0.683333 0.566667 0.011458 0.044444
0 0.907813 0.644444 0.010417 0.040741
0 0.917188 0.640278 0.006250 0.039815
0 0.952344 0.660648 0.004687 0.036111
0 0.865885 0.516667 0.008854 0.027778
0 0.634635 0.464815 0.006771 0.016667
0 0.660417 0.405556 0.004167 0.022222
0 0.691927 0.398148 0.003646 0.024074
0 0.767188 0.391204 0.004167 0.025000
0 0.661198 0.327315 0.005729 0.023148
0 0.263021 0.481944 0.005208 0.017593
0 0.258594 0.475463 0.006771 0.025000
0 0.291146 0.453241 0.006250 0.019444
0 0.295573 0.437963 0.005729 0.018519
0 0.362500 0.453241 0.003125 0.017593
0 0.371094 0.449537 0.004687 0.015741
0 0.407552 0.388889 0.003646 0.018519
0 0.190365 0.489815 0.006771 0.016667
0 0.210417 0.459722 0.006250 0.019444
0 0.112760 0.500926 0.003646 0.016667
0 0.132552 0.503704 0.005729 0.024074
0 0.308333 0.573148 0.005208 0.024074
