1 0.278906 0.736806 0.070312 0.088889
1 0.413672 0.688542 0.044531 0.159028
0 0.745703 0.528472 0.009375 0.027778
0 0.708398 0.470486 0.010547 0.029861
0 0.616016 0.489583 0.007031 0.040278
0 0.581641 0.530208 0.008594 0.034028
0 0.629102 0.591667 0.008984 0.038889
0 0.602539 0.603819 0.010547 0.025694
0 0.666992 0.484028 0.008984 0.027778
0 0.761719 0.519097 0.008594 0.027083
0 0.770312 0.484028 0.011719 0.030556
3 0.823438 0.355556 0.043750 0.038889
0 0.034180 0.551736 0.008984 0.024306
0 0.195508 0.523958 0.008203 0.021528
0 0.228711 0.517708 0.009766 0.018750
0 0.206055 0.491667 0.010547 0.025000
0 0.897852 0.407986 0.006641 0.024306
0 0.892773 0.389583 0.005859 0.020833
0 0.857227 0.435417 0.007422 0.027778
0 0.850391 0.436806 0.007031 0.030556
0 0.859375 0.409722 0.007812 0.016667
0 0.479102 0.394097 0.006641 0.021528
0 0.403320 0.410417 0.007422 0.018056
0 0.379297 0.399306 0.009375 0.022222
0 0.913086 0.787847 0.008203 0.027083
0 0.931250 0.726389 0.008594 0.036111
0 0.964258 0.732986 0.009766 0.029861
0 0.722656 0.545833 0.013281 0.023611
