0 0.714453 0.652778 0.007031 0.041667
0 0.635742 0.884722 0.019922 0.052778
0 0.575781 0.803125 0.019531 0.045139
0 0.548047 0.794444 0.017188 0.070833
0 0.410352 0.844444 0.016797 0.043056
0 0.952734 0.880208 0.013281 0.050694
0 0.984961 0.935764 0.008984 0.040972
3 0.156836 0.587153 0.047266 0.046528
0 0.719727 0.652083 0.007422 0.041667
0 0.564453 0.787153 0.011719 0.050694
0 0.544531 0.829167 0.010937 0.044444
0 0.207031 0.605556 0.011719 0.031944
0 0.257422 0.559375 0.007031 0.032639
0 0.230273 0.641667 0.007422 0.029167
0 0.088086 0.664931 0.008203 0.028472
0 0.013672 0.539583 0.007812 0.026389
0 0.848437 0.653819 0.007031 0.038194
0 0.443164 0.690625 0.010547 0.043750
0 0.513672 0.596181 0.008594 0.035417
