2 0.394271 0.738889 0.031250 0.033333
0 0.577083 0.659259 0.008333 0.044444
0 0.584115 0.661574 0.007812 0.041667
0 0.950781 0.921296 0.015104 0.051852
0 0.769531 0.450463 0.006771 0.025000
0 0.671875 0.477315 0.006250 0.021296
0 0.654948 0.367130 0.005729 0.017593
0 0.748177 0.393519 0.003646 0.022222
0 0.738281 0.371296 0.005729 0.022222
0 0.716667 0.408333 0.005208 0.018519
0 0.705990 0.401389 0.005729 0.023148
0 0.675781 0.368981 0.003646 0.019444
0 0.202604 0.483796 0.004167 0.021296
0 0.722656 0.397685 0.004687 0.023148
