3 0.736719 0.430208 0.026562 0.050694
0 0.838086 0.603125 0.012109 0.022917
0 0.874805 0.767014 0.011328 0.040972
0 0.463672 0.915278 0.011719 0.040278
0 0.481836 0.913194 0.012109 0.033333
0 0.419336 0.652778 0.008984 0.033333
0 0.841992 0.471181 0.006641 0.024306
0 0.437891 0.661111 0.010156 0.026389
0 0.503711 0.571181 0.010547 0.031250
0 0.583203 0.554861 0.010937 0.048611
0 0.592578 0.520833 0.008594 0.038889
0 0.600195 0.564583 0.009766 0.040278
0 0.592969 0.569792 0.010156 0.024306
0 0.288867 0.866667 0.014453 0.044444
0 0.051758 0.595139 0.007422 0.018056
0 0.335352 0.530903 0.008203 0.018750
0 0.349219 0.529167 0.009375 0.018056
0 0.845703 0.598264 0.009375 0.031250
0 0.770312 0.603472 0.010156 0.036111
0 0.867969 0.537153 0.007812 0.031250
0 0.858008 0.553125 0.008203 0.029861
0 0.855469 0.460417 0.007031 0.030556
0 0.300586 0.865972 0.010547 0.030556
0 0.398828 0.402431 0.007812 0.022917
