0 0.473438 0.727315 0.012500 0.045370
0 0.544531 0.676852 0.016146 0.046296
0 0.603385 0.668519 0.008854 0.040741
0 0.527083 0.577315 0.009375 0.037963
0 0.672917 0.544907 0.011458 0.043519
0 0.760417 0.620833 0.010417 0.036111
0 0.392448 0.761111 0.010937 0.038889
1 0.402865 0.680093 0.052604 0.160185
1 0.307812 0.531481 0.059375 0.061111
1 0.025521 0.554167 0.015625 0.041667
1 0.043750 0.558796 0.017708 0.043519
0 0.794271 0.945370 0.015625 0.061111
0 0.626563 0.558333 0.007292 0.031481
0 0.632031 0.573148 0.009896 0.025926
0 0.682813 0.558333 0.008333 0.042593
0 0.578906 0.515741 0.007812 0.031481
3 0.526302 0.500463 0.043229 0.045370
0 0.401302 0.517593 0.008854 0.016667
0 0.398958 0.483796 0.005208 0.025000
0 0.403125 0.460648 0.007292 0.021296
0 0.486198 0.408333 0.005729 0.027778
0 0.457552 0.431944 0.008854 0.021296
0 0.715104 0.446759 0.008333 0.025000
0 0.841927 0.519907 0.006771 0.030556
0 0.848177 0.399537 0.005729 0.021296
0 0.878906 0.454167 0.007812 0.037963
0 0.875000 0.490278 0.005208 0.032407
0 0.817708 0.370370 0.005208 0.012963
0 0.753125 0.453241 0.006250 0.028704
0 0.711719 0.568056 0.009896 0.019444
0 0.729427 0.568519 0.010937 0.020370
0 0.914583 0.686574 0.008333 0.041667
0 0.959375 0.625000 0.007292 0.031481
0 0.968229 0.542593 0.005208 0.027778
0 0.967187 0.513889 0.007292 0.020370
0 0.899479 0.615741 0.006250 0.020370
0 0.902344 0.580556 0.009896 0.031481
0 0.602865 0.775463 0.008854 0.030556
0 0.920312 0.564815 0.007292 0.025926
0 0.965104 0.820370 0.008333 0.046296
