1 0.047852 0.590972 0.037109 0.068056
1 0.045703 0.649306 0.033594 0.066667
1 0.656641 0.382986 0.057031 0.060417
0 0.567383 0.823611 0.015234 0.050000
0 0.547461 0.860764 0.012891 0.049306
0 0.768359 0.676736 0.009375 0.042361
0 0.882227 0.618056 0.007422 0.044444
0 0.837305 0.620486 0.006641 0.029861
0 0.777930 0.672569 0.010547 0.042361
0 0.860352 0.756597 0.012109 0.025694
0 0.969336 0.834722 0.009766 0.038889
0 0.378320 0.694444 0.008203 0.034722
0 0.288477 0.753472 0.012891 0.034722
3 0.245117 0.515625 0.041797 0.061806
0 0.477344 0.522569 0.007031 0.029861
0 0.482031 0.509028 0.007031 0.027778
0 0.415039 0.507639 0.005859 0.022222
3 0.134766 0.578125 0.048438 0.049306
0 0.264062 0.452778 0.005469 0.023611
0 0.631836 0.729167 0.013672 0.047222
0 0.475000 0.613194 0.010937 0.037500
0 0.675977 0.610069 0.011328 0.025694
0 0.660937 0.594444 0.008594 0.036111
0 0.773438 0.899653 0.017188 0.059028
