0 0.936198 0.969907 0.011979 0.054630
0 0.949219 0.966204 0.013021 0.045370
0 0.960417 0.918056 0.010417 0.037963
0 0.887500 0.571296 0.008333 0.022222
0 0.591146 0.571759 0.012500 0.037963
0 0.578125 0.496759 0.007292 0.034259
0 0.742188 0.546759 0.011458 0.030556
0 0.726823 0.498611 0.007812 0.026852
0 0.802083 0.360648 0.006250 0.023148
0 0.849219 0.461111 0.004687 0.027778
0 0.385156 0.499074 0.006771 0.031481
0 0.583854 0.422222 0.008333 0.031481
0 0.394271 0.505093 0.007292 0.025000
0 0.589844 0.401852 0.007812 0.018519
0 0.583073 0.400000 0.004687 0.024074
0 0.826562 0.360185 0.005208 0.012963
0 0.827865 0.492130 0.006771 0.028704
0 0.715625 0.547222 0.010417 0.022222
0 0.739062 0.495370 0.011458 0.035185
0 0.903646 0.641204 0.007292 0.019444
0 0.895573 0.406481 0.006771 0.025926
0 0.890625 0.467593 0.008333 0.020370
0 0.946615 0.934259 0.011979 0.025926
0 0.979948 0.891204 0.007812 0.045370
0 0.971354 0.950463 0.011458 0.037963
0 0.968229 0.928241 0.009375 0.025000
0 0.145313 0.555556 0.007292 0.027778
0 0.216146 0.468981 0.005208 0.025000
0 0.231250 0.500000 0.006250 0.022222
0 0.237240 0.496759 0.006771 0.015741
0 0.607552 0.496296 0.006771 0.022222
0 0.593750 0.538889 0.004167 0.018519
0 0.625521 0.485185 0.004167 0.024074
0 0.652083 0.470370 0.008333 0.031481
0 0.686198 0.430556 0.005729 0.020370
0 0.692969 0.423611 0.004687 0.023148
