0 0.752539 0.555903 0.011328 0.047917
0 0.759375 0.495486 0.007812 0.024306
0 0.820898 0.744792 0.009766 0.049306
0 0.908008 0.714236 0.019922 0.040972
0 0.639648 0.530556 0.009766 0.029167
1 0.414844 0.686458 0.043750 0.154861
1 0.359570 0.803819 0.087891 0.193750
0 0.735352 0.759028 0.009766 0.043056
0 0.890430 0.777431 0.012109 0.042361
3 0.757422 0.342014 0.052344 0.047917
0 0.860352 0.401736 0.005859 0.018750
0 0.841406 0.426736 0.008594 0.036806
0 0.763086 0.511806 0.006641 0.029167
0 0.784570 0.506597 0.009766 0.035417
0 0.722461 0.559375 0.006641 0.034028
0 0.187891 0.519792 0.006250 0.024306
0 0.223438 0.455208 0.007031 0.021528
0 0.213281 0.457292 0.007031 0.027083
0 0.175977 0.519444 0.005078 0.018056
0 0.172266 0.520486 0.007812 0.022917
0 0.181445 0.519444 0.005859 0.018056
0 0.893359 0.395486 0.007031 0.022917
0 0.592773 0.531250 0.007422 0.030556
0 0.582617 0.413194 0.006641 0.019444
0 0.605273 0.582986 0.007422 0.028472
0 0.878906 0.471528 0.010156 0.048611
0 0.621484 0.593056 0.007812 0.025000
