0 0.582812 0.835069 0.014063 0.056250
0 0.603320 0.926042 0.012891 0.052083
0 0.490625 0.892361 0.016406 0.048611
1 0.044922 0.652778 0.033594 0.081944
1 0.696680 0.343403 0.030078 0.024306
1 0.210547 0.564931 0.084375 0.068750
0 0.274414 0.587500 0.009766 0.030556
0 0.608008 0.814236 0.013672 0.039583
0 0.636133 0.901389 0.012891 0.052778
0 0.573047 0.949653 0.017969 0.031250
0 0.594727 0.913542 0.014453 0.039583
0 0.898438 0.698611 0.010156 0.031944
0 0.249805 0.593056 0.008203 0.029167
0 0.225586 0.491319 0.005859 0.014583
0 0.212891 0.500347 0.007031 0.025694
0 0.987891 0.880903 0.011719 0.031250
