3 0.595703 0.507986 0.039062 0.050694
1 0.522656 0.547917 0.057813 0.061111
1 0.486133 0.517361 0.034766 0.066667
1 0.503516 0.372917 0.039062 0.051389
0 0.660742 0.798958 0.009766 0.042361
0 0.676758 0.793056 0.009766 0.041667
0 0.730664 0.775347 0.011328 0.046528
0 0.749805 0.797569 0.012109 0.050694
0 0.728711 0.884375 0.007422 0.050694
0 0.737500 0.933333 0.010937 0.045833
0 0.697852 0.587500 0.009766 0.045833
0 0.772266 0.508333 0.008594 0.027778
0 0.929102 0.547917 0.009766 0.040278
3 0.936523 0.652083 0.065234 0.104167
0 0.275000 0.559028 0.008594 0.026389
0 0.270313 0.556597 0.007031 0.025694
0 0.424219 0.505208 0.006250 0.035417
0 0.832227 0.650000 0.010547 0.048611
0 0.780859 0.504167 0.008594 0.030556
0 0.763477 0.456250 0.008203 0.030556
0 0.751367 0.496875 0.007422 0.032639
0 0.701367 0.573611 0.007422 0.036111
0 0.707031 0.586111 0.007812 0.034722
0 0.720703 0.551042 0.006250 0.018750
0 0.748633 0.460417 0.005859 0.029167
0 0.765625 0.376042 0.005469 0.025694
0 0.769727 0.373958 0.005859 0.022917
0 0.686523 0.393750 0.004297 0.018056
0 0.688867 0.391319 0.006641 0.018750
0 0.701367 0.407986 0.006641 0.017361
0 0.616406 0.445139 0.006250 0.022222
0 0.639844 0.422569 0.007812 0.028472
0 0.640234 0.389236 0.005469 0.027083
0 0.915039 0.438542 0.005859 0.022917
0 0.926758 0.448611 0.006641 0.026389
0 0.968945 0.513194 0.008203 0.036111
0 0.833984 0.441319 0.010937 0.025694
0 0.899023 0.582639 0.011328 0.034722
