1 0.398438 0.727431 0.046875 0.147917
1 0.171680 0.899653 0.086328 0.156250
3 0.611328 0.478125 0.054688 0.054861
0 0.624023 0.709375 0.009766 0.039583
0 0.768359 0.837847 0.014063 0.045139
0 0.755664 0.789583 0.012109 0.040278
0 0.776563 0.777083 0.010937 0.047222
0 0.608789 0.676042 0.012109 0.047917
0 0.288281 0.579167 0.007031 0.029167
0 0.908984 0.845139 0.011719 0.045833
0 0.934180 0.798958 0.009766 0.050694
0 0.907422 0.729167 0.010937 0.036111
0 0.960352 0.708681 0.012109 0.043750
0 0.618164 0.725000 0.010547 0.040278
0 0.625391 0.676389 0.008594 0.036111
0 0.575781 0.675347 0.012500 0.036806
0 0.781250 0.777778 0.012500 0.043056
0 0.919922 0.736111 0.011719 0.031944
0 0.990625 0.650347 0.010156 0.040972
0 0.832031 0.533333 0.007812 0.031944
0 0.789062 0.485764 0.009375 0.022917
0 0.746094 0.404514 0.006250 0.021528
0 0.812695 0.374653 0.005859 0.018750
0 0.802734 0.371181 0.007031 0.014583
0 0.666797 0.394444 0.004687 0.009722
0 0.674805 0.412500 0.006641 0.022222
0 0.607227 0.499306 0.008203 0.033333
0 0.291602 0.575347 0.007422 0.028472
0 0.317773 0.582986 0.008203 0.020139
0 0.311328 0.562153 0.007812 0.018750
0 0.300195 0.569792 0.008203 0.018750
0 0.286328 0.568403 0.008594 0.027083
0 0.411914 0.465278 0.006641 0.026389
1 0.541602 0.494792 0.073047 0.081250
0 0.275391 0.665972 0.014063 0.027778
