1 0.859961 0.352778 0.044141 0.045833
1 0.297266 0.927431 0.137500 0.145139
0 0.758398 0.834375 0.012891 0.054861
0 0.875000 0.847569 0.014063 0.049306
0 0.576367 0.655556 0.012109 0.041667
0 0.590820 0.662500 0.010547 0.029167
0 0.522656 0.862153 0.012500 0.029861
0 0.044727 0.581597 0.008984 0.025694
0 0.426172 0.775694 0.017188 0.050000
0 0.535352 0.867361 0.016797 0.030556
0 0.817578 0.649306 0.010937 0.047222
0 0.723242 0.617708 0.015234 0.032639
0 0.704297 0.563542 0.009375 0.022917
0 0.599414 0.652083 0.009766 0.040278
0 0.562500 0.661458 0.012500 0.031250
0 0.534961 0.583681 0.009766 0.038194
0 0.567383 0.548264 0.009766 0.040972
0 0.592187 0.563194 0.011719 0.038889
0 0.594922 0.595833 0.007812 0.034722
0 0.604688 0.594444 0.009375 0.031944
0 0.592773 0.590278 0.009766 0.023611
0 0.586914 0.557292 0.009766 0.031250
0 0.655664 0.520833 0.008984 0.036111
0 0.733008 0.443056 0.007422 0.029167
0 0.737500 0.438194 0.006250 0.030556
0 0.744141 0.439583 0.007812 0.030556
0 0.850977 0.497569 0.008203 0.034028
0 0.789844 0.512500 0.009375 0.030556
0 0.866797 0.522569 0.007812 0.034028
0 0.903320 0.540278 0.008203 0.038889
0 0.920898 0.446875 0.008203 0.038194
0 0.857422 0.525347 0.008594 0.028472
0 0.783398 0.360764 0.005078 0.017361
0 0.614453 0.450694 0.007812 0.029167
0 0.569531 0.440278 0.006250 0.023611
0 0.567187 0.433681 0.005469 0.028472
