0 0.859570 0.746875 0.008984 0.056250
0 0.879883 0.765278 0.012891 0.048611
0 0.911133 0.826042 0.011328 0.054861
0 0.956055 0.984375 0.009766 0.031250
0 0.930859 0.886458 0.013281 0.052083
1 0.931250 0.346181 0.042969 0.042361
4 0.676953 0.329167 0.017969 0.020833
0 0.868555 0.751042 0.010547 0.046528
0 0.850977 0.728125 0.009766 0.043750
0 0.872266 0.875347 0.012500 0.036806
0 0.866016 0.528472 0.007812 0.031944
0 0.896094 0.466319 0.004687 0.022917
0 0.872070 0.429167 0.005859 0.022222
0 0.878711 0.428472 0.005859 0.023611
0 0.839844 0.376042 0.003906 0.020139
0 0.842969 0.375347 0.003906 0.022917
0 0.845313 0.371875 0.004687 0.024306
0 0.849609 0.368056 0.007812 0.025000
0 0.872852 0.465278 0.008203 0.030556
0 0.858008 0.447917 0.008203 0.031944
0 0.879492 0.453819 0.008203 0.025694
0 0.634570 0.393750 0.005078 0.023611
0 0.639258 0.394444 0.005859 0.023611
0 0.644141 0.394097 0.007812 0.018750
0 0.544141 0.546181 0.009375 0.042361
0 0.607422 0.529514 0.009375 0.025694
0 0.510156 0.544444 0.013281 0.038889
0 0.217969 0.568056 0.010937 0.029167
0 0.239258 0.574653 0.008203 0.021528
0 0.260937 0.577083 0.012500 0.023611
