0 0.493229 0.705556 0.011458 0.038889
0 0.772135 0.755556 0.009896 0.050000
0 0.771615 0.698611 0.010937 0.036111
0 0.746875 0.691667 0.010417 0.044444
0 0.727344 0.731481 0.013021 0.042593
0 0.788281 0.686111 0.010937 0.029630
0 0.770573 0.460185 0.009896 0.031481
0 0.558854 0.502315 0.007292 0.039815
0 0.533073 0.489815 0.009896 0.033333
0 0.744271 0.554630 0.009375 0.038889
0 0.779687 0.524074 0.007292 0.037037
0 0.804167 0.533796 0.015625 0.049074
0 0.848958 0.518519 0.010417 0.037037
3 0.125521 0.578241 0.043750 0.045370
0 0.566146 0.499537 0.007292 0.028704
0 0.580990 0.540278 0.009896 0.026852
0 0.663802 0.528241 0.008854 0.034259
0 0.659635 0.421296 0.007812 0.025926
3 0.713542 0.521296 0.046875 0.105556
0 0.793750 0.523148 0.009375 0.040741
0 0.786198 0.532870 0.007812 0.037963
0 0.758594 0.535185 0.010937 0.040741
0 0.793229 0.693519 0.010417 0.042593
0 0.747135 0.661111 0.011979 0.025926
0 0.386979 0.500926 0.010417 0.035185
0 0.138802 0.794444 0.013021 0.042593
1 0.010156 0.475926 0.014063 0.037037
0 0.257552 0.491667 0.006771 0.029630
0 0.269792 0.489815 0.008333 0.025926
0 0.168750 0.490278 0.008333 0.021296
0 0.701823 0.442130 0.006771 0.023148
0 0.678385 0.458333 0.005729 0.022222
0 0.575781 0.472685 0.005729 0.019444
0 0.899479 0.567593 0.006250 0.025926
0 0.902865 0.575463 0.005729 0.028704
0 0.771354 0.677778 0.011458 0.024074
