3 0.946484 0.629861 0.035156 0.083333
1 0.888867 0.320833 0.033203 0.040278
1 0.932813 0.344792 0.039844 0.042361
0 0.958984 0.920833 0.014063 0.041667
0 0.845898 0.707639 0.012109 0.041667
0 0.882227 0.773611 0.012109 0.037500
0 0.319727 0.881597 0.013672 0.027083
0 0.333203 0.865625 0.014844 0.028472
0 0.469141 0.944444 0.017188 0.030556
0 0.902734 0.782986 0.008594 0.043750
0 0.944141 0.906250 0.010937 0.043056
0 0.676953 0.529514 0.008594 0.032639
0 0.697461 0.502431 0.008203 0.032639
0 0.658984 0.430556 0.006250 0.026389
0 0.559180 0.445486 0.008203 0.027083
0 0.652930 0.501042 0.006641 0.021528
0 0.657813 0.494444 0.006250 0.016667
0 0.897266 0.451736 0.006250 0.024306
0 0.911133 0.461806 0.008203 0.026389
0 0.802930 0.352778 0.005078 0.023611
0 0.833984 0.358333 0.006250 0.022222
0 0.569531 0.808681 0.010937 0.025694
