0 0.760677 0.528241 0.006771 0.036111
0 0.775521 0.539815 0.005208 0.031481
0 0.781510 0.531481 0.009896 0.037037
0 0.792188 0.532407 0.008333 0.033333
0 0.806250 0.494444 0.005208 0.031481
0 0.640625 0.479630 0.009375 0.033333
0 0.576302 0.518981 0.006771 0.043519
0 0.550521 0.543519 0.010417 0.038889
0 0.563281 0.443981 0.007812 0.025000
0 0.544792 0.463426 0.007292 0.030556
0 0.789583 0.382407 0.007292 0.031481
0 0.814063 0.343981 0.003125 0.021296
0 0.823438 0.358796 0.008333 0.019444
0 0.868229 0.723611 0.010417 0.019444
0 0.839063 0.705093 0.011458 0.025000
0 0.808594 0.537500 0.006771 0.032407
3 0.764323 0.400000 0.034896 0.057407
1 0.763542 0.303704 0.026042 0.033333
1 0.963281 0.477315 0.063021 0.089815
1 0.007812 0.470370 0.014583 0.027778
0 0.419792 0.497222 0.005208 0.029630
0 0.537240 0.500000 0.006771 0.018519
0 0.508333 0.449537 0.005208 0.023148
0 0.599219 0.412963 0.005729 0.024074
