0 0.762240 0.585648 0.011979 0.028704
0 0.767448 0.606481 0.010937 0.018519
0 0.822396 0.403241 0.007292 0.025000
0 0.845052 0.410648 0.007812 0.023148
1 0.210938 0.481019 0.064583 0.050926
0 0.278385 0.563426 0.010937 0.025000
0 0.375000 0.527315 0.008333 0.026852
0 0.448177 0.545370 0.011979 0.038889
0 0.565885 0.426389 0.007812 0.026852
0 0.636198 0.457870 0.006771 0.028704
0 0.594271 0.458333 0.007292 0.029630
0 0.636458 0.495833 0.009375 0.025000
0 0.641146 0.490741 0.009375 0.027778
0 0.652344 0.491204 0.008854 0.034259
0 0.537760 0.576389 0.011979 0.037963
0 0.289323 0.443519 0.006771 0.020370
