0 0.875195 0.746875 0.008984 0.039583
0 0.893750 0.770833 0.010937 0.040278
0 0.908008 0.775000 0.008203 0.034722
0 0.939258 0.772917 0.007422 0.041667
0 0.604492 0.495833 0.012891 0.031944
0 0.628320 0.534722 0.012109 0.034722
0 0.257812 0.640278 0.010156 0.034722
0 0.855078 0.630208 0.010156 0.046528
0 0.849023 0.622222 0.009766 0.048611
0 0.733594 0.584722 0.010156 0.033333
0 0.754883 0.620139 0.012891 0.030556
0 0.770508 0.585069 0.010547 0.039583
0 0.659180 0.497917 0.010547 0.030556
0 0.699805 0.466667 0.009766 0.033333
0 0.671484 0.486458 0.009375 0.029861
0 0.832031 0.431597 0.008594 0.024306
0 0.853906 0.487153 0.009375 0.031250
0 0.850391 0.425347 0.010156 0.022917
0 0.858594 0.380208 0.006250 0.025694
0 0.850977 0.379514 0.006641 0.024306
0 0.865430 0.363542 0.005859 0.024306
3 0.780859 0.336458 0.032031 0.036806
0 0.272266 0.662847 0.010156 0.035417
0 0.383008 0.517361 0.008203 0.022222
0 0.719531 0.475347 0.009375 0.021528
0 0.733594 0.519792 0.008594 0.018750
0 0.748828 0.535417 0.012500 0.020833
0 0.671094 0.557639 0.007031 0.033333
0 0.677539 0.557639 0.010547 0.022222
1 0.587500 0.420486 0.040625 0.050694
0 0.393945 0.516319 0.008203 0.017361
0 0.405273 0.516319 0.006641 0.027083
0 0.410742 0.514583 0.007422 0.029167
0 0.027344 0.551736 0.006250 0.020139
0 0.054297 0.594792 0.011719 0.034028
0 0.105469 0.600347 0.009375 0.024306
