0 0.718229 0.603241 0.008333 0.047222
0 0.513542 0.726852 0.010417 0.033333
0 0.560937 0.501852 0.009375 0.035185
0 0.655469 0.457870 0.007812 0.034259
0 0.812240 0.390741 0.006771 0.029630
0 0.934635 0.687963 0.008854 0.046296
0 0.909375 0.625926 0.010417 0.040741
0 0.873698 0.646759 0.008854 0.034259
1 0.171875 0.856944 0.084375 0.180556
4 0.021354 0.515278 0.012500 0.030556
1 0.786979 0.300463 0.033333 0.030556
0 0.489844 0.668519 0.013021 0.022222
0 0.468750 0.562963 0.008333 0.020370
0 0.639323 0.523611 0.007812 0.034259
0 0.937240 0.802778 0.010937 0.050000
0 0.916406 0.692130 0.007812 0.045370
0 0.896615 0.664352 0.006771 0.041667
0 0.949479 0.722685 0.007292 0.037963
0 0.658073 0.350000 0.005729 0.022222
