1 0.335938 0.776736 0.110937 0.113194
1 0.152344 0.723611 0.053125 0.100000
0 0.380078 0.687847 0.007031 0.035417
0 0.567969 0.647222 0.010156 0.036111
0 0.595898 0.642708 0.010547 0.039583
0 0.755078 0.702778 0.011719 0.043056
0 0.765430 0.660764 0.009766 0.028472
0 0.771680 0.948611 0.008984 0.058333
0 0.858789 0.752778 0.010547 0.044444
0 0.877539 0.773611 0.012109 0.037500
0 0.953516 0.819097 0.009375 0.045139
0 0.454688 0.568056 0.013281 0.040278
0 0.065039 0.626042 0.006641 0.025694
0 0.523047 0.888889 0.011719 0.051389
0 0.385742 0.688889 0.008203 0.031944
0 0.577539 0.652778 0.011328 0.022222
0 0.567773 0.625694 0.011328 0.030556
0 0.577539 0.632986 0.010547 0.024306
0 0.584375 0.556250 0.008594 0.018056
0 0.781836 0.750694 0.014453 0.037500
0 0.962109 0.817014 0.011719 0.046528
0 0.890430 0.489236 0.004297 0.024306
0 0.840820 0.383681 0.004297 0.015972
0 0.838281 0.378472 0.003906 0.016667
0 0.064062 0.597222 0.007812 0.019444
0 0.229102 0.617708 0.010547 0.038194
0 0.297656 0.630903 0.010937 0.031250
0 0.304297 0.623611 0.008594 0.033333
0 0.292578 0.562153 0.007812 0.027083
0 0.683203 0.831944 0.010937 0.034722
0 0.695508 0.831250 0.010547 0.027778
0 0.511133 0.878125 0.009766 0.054861
0 0.519141 0.866319 0.010156 0.029861
0 0.413867 0.811458 0.009766 0.046528
0 0.435937 0.806944 0.014063 0.031944
