0 0.252344 0.652315 0.009896 0.034259
0 0.294010 0.649074 0.009896 0.035185
1 0.035937 0.540278 0.025000 0.036111
0 0.916667 0.691667 0.009375 0.038889
0 0.926042 0.694907 0.013542 0.026852
0 0.871094 0.661574 0.016146 0.032407
0 0.823438 0.544907 0.008333 0.032407
0 0.742188 0.592593 0.010417 0.038889
0 0.909375 0.585185 0.011458 0.024074
0 0.810417 0.396759 0.009375 0.023148
0 0.774740 0.423611 0.006771 0.025000
1 0.241667 0.486111 0.056250 0.044444
3 0.622396 0.350463 0.039583 0.045370
0 0.795833 0.383333 0.005208 0.018519
0 0.666406 0.392593 0.007812 0.018519
0 0.222656 0.549537 0.008854 0.025000
