0 0.650781 0.664815 0.011979 0.048148
0 0.686979 0.714815 0.008333 0.038889
0 0.708333 0.700926 0.011458 0.038889
0 0.912500 0.838426 0.012500 0.041667
0 0.930729 0.801852 0.011458 0.046296
0 0.959896 0.726389 0.009375 0.032407
0 0.800000 0.566204 0.010417 0.034259
0 0.658594 0.487963 0.009896 0.037037
0 0.373958 0.518981 0.009375 0.036111
0 0.737760 0.497685 0.009896 0.036111
0 0.792188 0.498148 0.005208 0.040741
0 0.421354 0.624537 0.008333 0.023148
0 0.661458 0.439352 0.006250 0.023148
0 0.711458 0.455556 0.006250 0.024074
0 0.725000 0.437500 0.006250 0.026852
0 0.751042 0.469444 0.006250 0.031481
0 0.758594 0.468056 0.008854 0.030556
0 0.795312 0.420370 0.004167 0.027778
0 0.797396 0.498148 0.006250 0.027778
0 0.816146 0.519444 0.007292 0.024074
0 0.823177 0.491667 0.005729 0.018519
0 0.811458 0.635648 0.010417 0.037963
0 0.749479 0.682870 0.010417 0.041667
0 0.964583 0.748611 0.006250 0.030556
0 0.833594 0.375926 0.004687 0.018519
0 0.839583 0.375463 0.005208 0.013889
0 0.783333 0.336111 0.004167 0.014815
0 0.583854 0.421296 0.006250 0.022222
0 0.527344 0.445833 0.006771 0.026852
0 0.536719 0.441667 0.007812 0.024074
0 0.544531 0.440741 0.004687 0.024074
0 0.566667 0.428704 0.007292 0.020370
0 0.383333 0.493981 0.005208 0.023148
0 0.391406 0.501389 0.008854 0.017593
0 0.412500 0.468056 0.008333 0.021296
0 0.397917 0.446759 0.006250 0.025000
0 0.342187 0.442130 0.005208 0.013889
0 0.234115 0.537963 0.006771 0.025926
