0 0.490820 0.884375 0.013672 0.045139
0 0.480078 0.831944 0.013281 0.052778
0 0.502148 0.835417 0.009766 0.040278
0 0.509570 0.802778 0.010547 0.043056
0 0.529883 0.816319 0.008984 0.045139
0 0.583203 0.911458 0.012500 0.043750
0 0.582422 0.944444 0.017969 0.026389
0 0.534570 0.938194 0.014453 0.036111
0 0.741211 0.606944 0.008203 0.034722
0 0.864062 0.770139 0.010156 0.041667
1 0.063281 0.586458 0.035937 0.059028
0 0.675391 0.596528 0.011719 0.027778
0 0.610547 0.630556 0.009375 0.034722
0 0.572656 0.599653 0.010156 0.021528
0 0.502148 0.573958 0.010547 0.018750
0 0.465625 0.604514 0.008594 0.036806
0 0.495703 0.807292 0.010937 0.043750
0 0.884180 0.748611 0.011328 0.022222
0 0.830664 0.572569 0.007422 0.029861
0 0.831836 0.588194 0.009766 0.027778
0 0.820312 0.551736 0.007031 0.038194
0 0.806250 0.549653 0.010937 0.029861
0 0.537500 0.769792 0.013281 0.049306
0 0.226172 0.585069 0.009375 0.035417
0 0.816016 0.373958 0.007031 0.021528
0 0.799023 0.378472 0.006641 0.013889
3 0.712500 0.334028 0.028906 0.030556
0 0.800195 0.503125 0.010547 0.034028
0 0.754492 0.461111 0.009766 0.016667
0 0.991797 0.512500 0.006250 0.027778
0 0.990039 0.487153 0.005078 0.018750
