0 0.297266 0.726736 0.017188 0.042361
0 0.634375 0.523611 0.006250 0.034722
0 0.490430 0.734722 0.012891 0.040278
0 0.894727 0.782292 0.012109 0.046528
0 0.838086 0.412500 0.006641 0.020833
0 0.669141 0.559722 0.010937 0.034722
0 0.694727 0.544444 0.009766 0.033333
0 0.732617 0.509375 0.008984 0.027083
3 0.514453 0.505903 0.041406 0.078472
1 0.754102 0.427778 0.050391 0.063889
3 0.777930 0.338194 0.024609 0.029167
0 0.845117 0.413542 0.007422 0.024306
0 0.638086 0.519792 0.007422 0.032639
0 0.925781 0.728819 0.009375 0.027083
0 0.962109 0.760069 0.012500 0.028472
0 0.706445 0.456944 0.006641 0.031944
0 0.740234 0.520139 0.007812 0.026389
