1 0.317188 0.529630 0.098958 0.066667
3 0.965104 0.631019 0.044792 0.065741
0 0.389323 0.628704 0.014063 0.035185
0 0.444531 0.698148 0.007812 0.042593
0 0.535937 0.658333 0.008333 0.035185
0 0.546094 0.672685 0.008854 0.028704
0 0.574740 0.660648 0.009896 0.041667
0 0.601823 0.683796 0.011979 0.028704
0 0.627344 0.667130 0.005729 0.037963
0 0.770312 0.785648 0.008333 0.047222
0 0.778646 0.792593 0.007292 0.037037
0 0.849740 0.829167 0.007812 0.052778
0 0.683333 0.410648 0.005208 0.023148
0 0.708333 0.409722 0.009375 0.039815
0 0.860677 0.379630 0.004687 0.024074
0 0.491146 0.501389 0.007292 0.028704
0 0.626563 0.386574 0.006250 0.019444
0 0.639062 0.372222 0.004167 0.022222
0 0.906250 0.696296 0.009375 0.038889
0 0.949219 0.743056 0.008854 0.021296
0 0.646875 0.599074 0.015625 0.025926
0 0.608333 0.485185 0.008333 0.029630
0 0.643229 0.526852 0.008333 0.035185
1 0.829167 0.302778 0.029167 0.029630
0 0.319792 0.646296 0.007292 0.038889
0 0.309635 0.645833 0.005729 0.026852
0 0.106510 0.584259 0.006771 0.027778
0 0.263802 0.493981 0.007812 0.025000
0 0.494792 0.360648 0.007292 0.015741
0 0.581510 0.423611 0.004687 0.019444
0 0.785156 0.339815 0.004687 0.018519
0 0.830208 0.360185 0.005208 0.012963
0 0.835677 0.378704 0.006771 0.014815
0 0.846354 0.363426 0.006250 0.012037
0 0.758854 0.821759 0.010417 0.026852
