1 0.759180 0.433681 0.051953 0.054861
0 0.280469 0.901736 0.016406 0.045139
0 0.754492 0.820486 0.010547 0.045139
0 0.772070 0.795139 0.009766 0.037500
0 0.876563 0.793403 0.023438 0.045139
0 0.910352 0.812847 0.011328 0.052083
0 0.973828 0.828819 0.012500 0.052083
0 0.958789 0.875694 0.015234 0.041667
0 0.833398 0.422569 0.004297 0.022917
0 0.589844 0.430903 0.006250 0.025694
0 0.590039 0.412500 0.006641 0.015278
0 0.592773 0.411458 0.005078 0.021528
0 0.585742 0.406944 0.005078 0.022222
0 0.678320 0.396181 0.007422 0.017361
0 0.825586 0.573958 0.008984 0.043750
0 0.815234 0.608681 0.009375 0.032639
0 0.867188 0.522569 0.007812 0.035417
0 0.894922 0.523264 0.006250 0.032639
0 0.910742 0.534722 0.008203 0.029167
0 0.864844 0.385069 0.005469 0.021528
0 0.857227 0.420486 0.005078 0.022917
0 0.849414 0.421875 0.005078 0.027083
0 0.845117 0.424306 0.005078 0.020833
0 0.839844 0.422222 0.003906 0.023611
0 0.836914 0.418056 0.003516 0.025000
0 0.841797 0.419097 0.003906 0.024306
0 0.986719 0.833333 0.010156 0.043056
0 0.468359 0.923611 0.011719 0.040278
0 0.286719 0.570139 0.007812 0.031944
0 0.295898 0.572917 0.009766 0.033333
0 0.387305 0.525694 0.005859 0.027778
0 0.429492 0.496181 0.007422 0.027083
