0 0.499805 0.689931 0.008984 0.049306
0 0.509570 0.688889 0.010547 0.036111
0 0.510742 0.660069 0.009766 0.036806
0 0.536133 0.684028 0.011328 0.040278
0 0.663672 0.744792 0.010937 0.039583
0 0.682617 0.736806 0.006641 0.036111
0 0.796875 0.752083 0.014063 0.047222
0 0.870508 0.780556 0.009766 0.045833
0 0.926758 0.803819 0.011328 0.029861
0 0.884961 0.690278 0.007422 0.026389
0 0.899414 0.735069 0.008984 0.040972
0 0.873828 0.662847 0.009375 0.042361
0 0.941211 0.596528 0.008203 0.038889
1 0.839648 0.449653 0.027734 0.065972
1 0.626953 0.390278 0.042969 0.052778
3 0.787891 0.339583 0.021875 0.040278
0 0.420898 0.734722 0.008984 0.045833
0 0.629297 0.916319 0.014063 0.050694
0 0.438281 0.752083 0.013281 0.033333
0 0.525586 0.639236 0.008984 0.040972
0 0.582812 0.562153 0.010156 0.031250
0 0.579688 0.548611 0.007031 0.026389
0 0.572461 0.543403 0.008984 0.039583
0 0.587500 0.431250 0.007031 0.019444
0 0.663867 0.391319 0.007422 0.021528
0 0.818750 0.422222 0.007031 0.029167
0 0.821875 0.435417 0.007031 0.025000
0 0.863672 0.425000 0.007812 0.031944
0 0.875000 0.432292 0.006250 0.022917
0 0.847266 0.407292 0.006250 0.024306
0 0.837305 0.580903 0.007422 0.040972
0 0.830859 0.575000 0.007812 0.031944
0 0.838672 0.553125 0.009375 0.029861
0 0.784375 0.645486 0.013281 0.024306
0 0.763281 0.634375 0.010156 0.022917
0 0.667773 0.734028 0.008984 0.038889
0 0.881641 0.790278 0.011719 0.033333
0 0.880273 0.745833 0.008984 0.045833
0 0.869922 0.720486 0.007812 0.039583
0 0.912891 0.783333 0.012500 0.029167
0 0.284766 0.583333 0.007812 0.019444
0 0.035742 0.578472 0.007422 0.022222
0 0.045117 0.575000 0.005859 0.022222
0 0.049414 0.569792 0.007422 0.021528
0 0.040234 0.572917 0.005469 0.025000
0 0.037305 0.573264 0.005078 0.022917
0 0.015625 0.532292 0.005469 0.018750
0 0.011133 0.538542 0.007422 0.018750
0 0.946680 0.467014 0.007422 0.028472
