0 0.342383 0.702778 0.009766 0.048611
0 0.404102 0.696181 0.011328 0.045139
0 0.434180 0.721528 0.009766 0.048611
0 0.701172 0.718056 0.014063 0.047222
0 0.468164 0.738194 0.022266 0.050000
3 0.389648 0.642014 0.053516 0.060417
1 0.032031 0.552431 0.041406 0.063194
0 0.134766 0.763889 0.016406 0.043056
0 0.172266 0.682292 0.009375 0.036806
0 0.082812 0.654514 0.012500 0.034028
0 0.712109 0.715625 0.013281 0.045139
0 0.893555 0.518750 0.009766 0.027778
0 0.891797 0.496181 0.009375 0.027083
0 0.890234 0.459722 0.006250 0.027778
0 0.882617 0.417708 0.005078 0.027083
0 0.821680 0.389583 0.008984 0.023611
0 0.753906 0.383333 0.008594 0.018056
1 0.954297 0.656944 0.064062 0.098611
0 0.643555 0.396875 0.005859 0.022917
