0 0.877148 0.784375 0.009766 0.046528
0 0.872852 0.888889 0.008203 0.038889
0 0.888867 0.879514 0.010547 0.046528
0 0.901758 0.909722 0.013672 0.043056
1 0.493359 0.369792 0.032031 0.057639
0 0.455469 0.586458 0.007812 0.032639
0 0.470313 0.598264 0.007812 0.031250
0 0.468945 0.581250 0.008203 0.025000
0 0.576367 0.521181 0.007422 0.031250
0 0.591992 0.514931 0.008984 0.038194
0 0.650195 0.420833 0.005859 0.025000
0 0.849805 0.485764 0.006641 0.036806
0 0.883008 0.450694 0.011328 0.020833
0 0.888086 0.796181 0.009766 0.052083
0 0.902734 0.951736 0.013281 0.042361
0 0.021289 0.544097 0.006641 0.022917
0 0.482031 0.417708 0.004687 0.020139
0 0.485742 0.412847 0.005859 0.020139
0 0.467383 0.476389 0.004297 0.020833
0 0.471484 0.474653 0.003906 0.022917
0 0.473242 0.473264 0.005078 0.021528
0 0.475977 0.469444 0.005859 0.025000
0 0.481055 0.465972 0.007422 0.029167
