1 0.357292 0.687963 0.090625 0.120370
3 0.779948 0.353704 0.027604 0.053704
0 0.650781 0.537963 0.006771 0.037037
0 0.811198 0.467593 0.006771 0.038889
0 0.834115 0.487963 0.011979 0.038889
0 0.838021 0.835185 0.010417 0.053704
0 0.888021 0.762500 0.011458 0.025000
0 0.954948 0.939815 0.009896 0.038889
0 0.871615 0.384259 0.006771 0.027778
0 0.652083 0.643981 0.008333 0.050926
0 0.522917 0.550000 0.010417 0.042593
0 0.551042 0.540278 0.009375 0.043519
0 0.577344 0.542593 0.007812 0.046296
0 0.445833 0.726852 0.011458 0.027778
0 0.454948 0.708333 0.008854 0.038889
0 0.824219 0.353704 0.004687 0.018519
0 0.829427 0.361574 0.004687 0.019444
0 0.834115 0.355093 0.003646 0.021296
0 0.859115 0.365741 0.005729 0.020370
0 0.843750 0.526852 0.007292 0.029630
0 0.808594 0.535648 0.006771 0.030556
0 0.800521 0.583796 0.008333 0.026852
0 0.860417 0.545370 0.005208 0.035185
0 0.862500 0.515741 0.006250 0.024074
0 0.851302 0.531019 0.005729 0.028704
0 0.869010 0.527315 0.005729 0.023148
0 0.012760 0.506944 0.007812 0.017593
0 0.040104 0.543519 0.010417 0.018519
0 0.368490 0.443056 0.005729 0.019444
0 0.804167 0.567130 0.008333 0.023148
