1 0.268490 0.475926 0.060937 0.055556
1 0.764844 0.306481 0.028646 0.031481
4 0.021875 0.509722 0.011458 0.023148
0 0.269531 0.590278 0.006771 0.030556
0 0.284635 0.572685 0.006771 0.032407
0 0.530729 0.684722 0.007292 0.039815
0 0.571354 0.651852 0.007292 0.037037
0 0.542969 0.634722 0.008854 0.045370
0 0.865104 0.775463 0.010417 0.037963
0 0.808594 0.806481 0.006771 0.042593
0 0.857292 0.877315 0.012500 0.034259
0 0.918229 0.825926 0.010417 0.035185
0 0.892708 0.791667 0.008333 0.029630
0 0.923958 0.696296 0.010417 0.037037
0 0.719010 0.569444 0.007812 0.037037
0 0.710938 0.556944 0.005208 0.037963
0 0.725521 0.652778 0.007292 0.031481
0 0.620573 0.551852 0.008854 0.033333
0 0.760938 0.479167 0.005208 0.036111
0 0.742969 0.475926 0.006771 0.037037
0 0.787500 0.511574 0.009375 0.034259
0 0.805729 0.515741 0.009375 0.037037
0 0.815365 0.514815 0.008854 0.033333
0 0.829167 0.520370 0.005208 0.033333
0 0.838802 0.497222 0.006771 0.035185
0 0.855208 0.507870 0.005208 0.037963
0 0.867969 0.482407 0.009896 0.024074
0 0.079167 0.674074 0.009375 0.027778
0 0.517708 0.698611 0.007292 0.041667
0 0.563802 0.657407 0.008854 0.022222
0 0.951823 0.814352 0.006771 0.025000
0 0.766667 0.478241 0.006250 0.028704
0 0.775521 0.482407 0.005208 0.027778
0 0.791406 0.399537 0.006771 0.019444
0 0.706250 0.550463 0.007292 0.036111
0 0.569010 0.449074 0.004687 0.018519
0 0.614583 0.447685 0.008333 0.012037
0 0.022396 0.537500 0.007292 0.021296
0 0.037500 0.659722 0.006250 0.013889
0 0.143750 0.508796 0.005208 0.019444
0 0.300521 0.431019 0.007292 0.021296
1 0.355990 0.457407 0.057813 0.035185
