1 0.044531 0.651389 0.035937 0.084722
0 0.657227 0.875694 0.011328 0.056944
0 0.696484 0.887153 0.006250 0.045139
0 0.708789 0.871875 0.009766 0.049306
0 0.668750 0.804861 0.013281 0.044444
0 0.649609 0.809375 0.018750 0.053472
0 0.882617 0.763889 0.011328 0.047222
0 0.886523 0.754167 0.006641 0.041667
0 0.892773 0.748611 0.007422 0.045833
0 0.851562 0.661111 0.009375 0.037500
0 0.896094 0.673958 0.009375 0.029861
0 0.900781 0.660069 0.007031 0.042361
0 0.985547 0.872222 0.010937 0.047222
0 0.545898 0.632639 0.010547 0.041667
0 0.594336 0.635417 0.009766 0.040278
0 0.605273 0.630903 0.008203 0.042361
0 0.619531 0.595833 0.011719 0.034722
0 0.478516 0.521528 0.008594 0.029167
0 0.466016 0.538542 0.007812 0.036806
0 0.463867 0.525000 0.006641 0.023611
0 0.257422 0.644792 0.007812 0.031250
0 0.312305 0.649306 0.007422 0.033333
3 0.147266 0.575000 0.050000 0.050000
