3 0.423633 0.713194 0.071484 0.066667
1 0.859180 0.354167 0.042578 0.045833
0 0.572266 0.870833 0.012500 0.041667
0 0.502344 0.919792 0.014063 0.043750
0 0.518164 0.836458 0.012891 0.047917
0 0.431641 0.809722 0.015625 0.043056
0 0.207813 0.840972 0.018750 0.050000
0 0.467578 0.940625 0.019531 0.027083
0 0.378711 0.708681 0.013672 0.043750
0 0.771680 0.888889 0.013672 0.033333
1 0.029492 0.535764 0.023828 0.042361
0 0.042383 0.592708 0.008203 0.022917
0 0.031445 0.576042 0.008984 0.024306
0 0.306836 0.556597 0.010547 0.024306
0 0.379492 0.419097 0.007422 0.017361
0 0.535547 0.808681 0.013281 0.034028
0 0.575781 0.881944 0.011719 0.043056
0 0.911328 0.803819 0.014063 0.049306
0 0.943555 0.747222 0.012109 0.031944
0 0.703711 0.591667 0.012109 0.034722
0 0.662305 0.601042 0.013672 0.028472
0 0.638672 0.606250 0.012500 0.019444
0 0.691406 0.510069 0.010156 0.036806
0 0.707617 0.507292 0.008203 0.035417
0 0.717383 0.519792 0.011328 0.032639
0 0.633203 0.482639 0.009375 0.029167
0 0.741797 0.609375 0.010156 0.029861
0 0.916211 0.410764 0.007422 0.029861
0 0.589258 0.414236 0.011328 0.031250
0 0.622266 0.483333 0.007812 0.030556
0 0.458203 0.622222 0.010937 0.025000
0 0.457813 0.434722 0.005469 0.023611
0 0.467383 0.431250 0.008203 0.023611
0 0.473633 0.425347 0.006641 0.020139
