0 0.884115 0.868519 0.010937 0.040741
0 0.793750 0.731019 0.010417 0.043519
0 0.756250 0.621296 0.011458 0.031481
0 0.719271 0.595370 0.008333 0.027778
0 0.708854 0.535185 0.010417 0.040741
0 0.604167 0.587963 0.007292 0.040741
0 0.590104 0.475463 0.006250 0.036111
0 0.841927 0.573148 0.007812 0.040741
0 0.809896 0.527315 0.008333 0.045370
0 0.901042 0.499537 0.008333 0.028704
0 0.875521 0.575000 0.007292 0.020370
0 0.893490 0.573611 0.004687 0.028704
0 0.777865 0.378704 0.007812 0.033333
0 0.566667 0.430556 0.007292 0.027778
0 0.244531 0.817130 0.010937 0.047222
0 0.123177 0.714815 0.010937 0.038889
0 0.034375 0.556019 0.007292 0.030556
0 0.955469 0.931019 0.008854 0.047222
0 0.946875 0.837500 0.005208 0.052778
0 0.966146 0.814352 0.012500 0.025000
1 0.394792 0.688889 0.067708 0.166667
1 0.239583 0.482870 0.061458 0.052778
1 0.651302 0.406944 0.045312 0.052778
1 0.621875 0.429167 0.017708 0.041667
1 0.299479 0.750463 0.045833 0.099074
3 0.234896 0.777778 0.081250 0.087037
3 0.528385 0.438426 0.043229 0.050926
0 0.821875 0.524074 0.007292 0.042593
0 0.891667 0.509722 0.009375 0.032407
0 0.891927 0.475000 0.003646 0.027778
0 0.854427 0.580556 0.006771 0.038889
0 0.889062 0.837500 0.011458 0.026852
0 0.584115 0.474074 0.006771 0.035185
0 0.692448 0.526389 0.007812 0.036111
0 0.711198 0.503241 0.006771 0.028704
0 0.370052 0.440741 0.007812 0.016667
