0 0.880273 0.756944 0.011328 0.044444
0 0.591797 0.557639 0.010156 0.038889
0 0.777148 0.443750 0.010547 0.025000
0 0.463672 0.923264 0.028906 0.045139
3 0.737109 0.429167 0.030469 0.056944
0 0.598633 0.568750 0.008984 0.030556
0 0.504883 0.602083 0.010547 0.033333
0 0.499805 0.568750 0.008984 0.034722
0 0.845703 0.466319 0.007031 0.017361
0 0.854297 0.473958 0.008594 0.020139
0 0.844531 0.479861 0.010937 0.016667
0 0.791016 0.489931 0.008594 0.031250
0 0.790625 0.440625 0.007031 0.021528
0 0.799805 0.574306 0.008984 0.038889
0 0.817578 0.585417 0.011719 0.037500
0 0.937891 0.481597 0.007812 0.031250
0 0.070117 0.597222 0.008984 0.036111
0 0.042969 0.575694 0.008594 0.025000
