1 0.186719 0.866667 0.095312 0.172222
0 0.678516 0.759375 0.010156 0.054861
0 0.396289 0.722917 0.011328 0.043056
0 0.423047 0.720139 0.017969 0.040278
0 0.336328 0.688889 0.015625 0.038889
0 0.720117 0.723958 0.009766 0.047917
0 0.738672 0.717361 0.013281 0.034722
0 0.408398 0.722222 0.016016 0.062500
3 0.351562 0.810417 0.044531 0.111111
0 0.692969 0.725347 0.011719 0.035417
0 0.867188 0.477778 0.007031 0.033333
0 0.890820 0.394792 0.008203 0.035417
0 0.874219 0.412847 0.006250 0.025694
0 0.832031 0.383681 0.010937 0.018750
0 0.896094 0.452778 0.013281 0.023611
0 0.841016 0.357986 0.007812 0.020139
0 0.751758 0.384722 0.005078 0.020833
0 0.586914 0.397917 0.007422 0.020833
0 0.490820 0.800694 0.011328 0.029167
0 0.454883 0.780903 0.016797 0.040972
0 0.173047 0.515972 0.007812 0.023611
