0 0.091146 0.679630 0.010417 0.035185
0 0.747656 0.364352 0.006771 0.025000
0 0.760156 0.402315 0.005729 0.025000
0 0.579688 0.428241 0.006250 0.025000
0 0.576562 0.406481 0.005208 0.020370
0 0.323437 0.452778 0.006250 0.022222
1 0.478125 0.393519 0.025000 0.066667
1 0.068750 0.600926 0.043750 0.074074
0 0.684375 0.344444 0.004167 0.018519
1 0.806250 0.305556 0.053125 0.038889
0 0.966406 0.689352 0.008854 0.036111
0 0.916927 0.675926 0.014063 0.020370
0 0.864844 0.464815 0.005729 0.029630
0 0.742448 0.435185 0.006771 0.029630
0 0.354167 0.382870 0.005208 0.019444
0 0.519531 0.487500 0.008854 0.025000
