0 0.109375 0.688426 0.013542 0.030556
1 0.360417 0.445370 0.064583 0.050000
1 0.476562 0.392593 0.029167 0.066667
0 0.811979 0.613889 0.010417 0.038889
0 0.857292 0.653241 0.011458 0.047222
0 0.897396 0.685185 0.011458 0.046296
0 0.603385 0.711574 0.011979 0.043519
0 0.585156 0.696296 0.014063 0.029630
0 0.613542 0.697685 0.011458 0.026852
0 0.330208 0.653241 0.009375 0.036111
0 0.303646 0.630093 0.014583 0.028704
0 0.878385 0.371296 0.004687 0.024074
0 0.186198 0.493981 0.005729 0.017593
0 0.190365 0.486574 0.005729 0.017593
0 0.218490 0.471296 0.007812 0.012963
0 0.411198 0.402315 0.003646 0.019444
